A321_ARGPERIGEE=0
S142_INCLINATION=51.64
S142_MA=0
A321_INCLINATION=51.64
LaunchYear=2026.333
A321_PERIGEE=413
MissionName=PROVES - Taygeta
S142_ARGPERI=0
S142_PERIGEE=413
A321_AM=0.009927113703
S142_RAAN=0
A321_RAAN=0
S142_AM=0.009927113703
S142_STARTDATE=2026.333
A321_APOGEE=422
S142_DURATION=3
S142_APOGEE=422
A321_YEAR=2026.333
