S142_INCLINATION=51.64
A321_ARGPERIGEE=0
S31131_OL=
S142_MA=0
S31131_STARTYEAR=
S31131_AM_EDIT=
S31131_AM_LIST=
A321_INCLINATION=51.64
LaunchYear=2026.333
A321_PERIGEE=413
MissionName=PROVES - Electra
S142_PERIGEE=413
S142_ARGPERI=0
S142_RAAN=0
A321_AM=0.0085125
S142_AM=0.0085125
A321_RAAN=0
S142_STARTDATE=2026.333
S142_APOGEE=422
S142_DURATION=2.5
A321_APOGEE=422
A321_YEAR=2026.333
